 
18
 
 
Table 8. 40Ar/39Ar Laser Probe analytical results for single detrital muscovite grains, sample KPM3 
 
  
  
  
  
  
  
  
  
  
  
  
  
  
  
  
Cum. 
40Ar/
39Ar 
± 
37Ar/
39Ar 
± 
36Ar/
39Ar 
± 
Ca/K 
± 
Vol 
39Ar 
Rad. 
40Ar*/
39Ar 
± 
Age 
± 
39Ar 
 
 
 
 
 
 
 
 
x10
-16mol 
40Ar (%) 
 
 
(Ma) 
  
  
  
  
  
  
  
  
  
  
  
  
  
  
  
  
 
 
 
 
 
 
 
 
 
 
 
 
 
 
  
1.00 
38.76 
0.19 
0.032 
0.027 
0.0015 
0.0006 
0.061 
0.051 
1.890 
98.69 
38.26 
0.27 
596.9 
3.9 
 
 
 
 
 
 
 
 
 
 
 
 
 
 
  
1.00 
124.40 
0.48 
0.081 
0.076 
0.0016 
0.0006 
0.276 
0.224 
2.235 
99.58 
123.89 
0.51 
1478.8 
5.1 
 
 
 
 
 
 
 
 
 
 
 
 
 
 
  
1.00 
37.55 
0.36 
0.081 
0.098 
0.0011 
0.0005 
0.153 
0.185 
1.406 
99.00 
37.18 
0.39 
582.5 
5.4 
 
 
 
 
 
 
 
 
 
 
 
 
 
 
  
1.00 
39.42 
0.35 
0.020 
0.009 
0.0028 
0.0003 
0.039 
0.018 
1.775 
97.76 
38.54 
0.36 
600.6 
5.0 
 
 
 
 
 
 
 
 
 
 
 
 
 
 
  
1.00 
39.19 
0.38 
0.060 
0.073 
0.0019 
0.0019 
0.114 
0.139 
0.600 
98.45 
38.59 
0.68 
601.2 
9.1 
 
 
 
 
 
 
 
 
 
 
 
 
 
 
  
1.00 
36.94 
0.27 
0.103 
0.084 
0.0015 
0.0008 
0.197 
0.160 
1.400 
98.67 
36.45 
0.35 
572.6 
4.9 
 
 
 
 
 
 
 
 
 
 
 
 
 
 
  
1.00 
41.82 
0.23 
0.018 
0.057 
0.0012 
0.0005 
0.034 
0.109 
2.925 
99.02 
41.42 
0.27 
638.3 
3.9 
 
 
 
 
 
 
 
 
 
 
 
 
 
 
 
