 
10
Table 3. SHRIMP U-Th-Pb zircon results for sample MUS3 
 
 
 
 
 
 
 
 
 
 
 
 
 
 
 
 
 
 
 
 
 
 
 
 
 
 
 
 
 
  
  
            Radiogenic 
Ratios 
  
  
  
 
  
  
Ages (in 
Ma) 
  
  
  
 
Grain. 
U 
Th 
Th/U 
Pb* 
204Pb/ 
f206 
206Pb/ 
 
207Pb/ 
 
207Pb/ 
 
 
206Pb/ 
 
207Pb/ 
 
207Pb/ 
 
Conc. 
spot 
(ppm) 
(ppm) 
 
(ppm) 
206Pb 
% 
238U 
± 
235U 
± 
206Pb 
± 
 
238U 
± 
235U 
± 
206Pb 
± 
% 
  
  
  
  
  
  
  
  
  
  
  
  
  
  
  
  
  
  
  
  
  
 
 
 
 
 
 
 
 
 
 
 
 
 
 
 
 
 
 
 
 
 
1.1 
584 
438 
0.75 
228 
0.000289 
0.463 
0.3385 
0.0078 
5.377 
0.145 
0.1152 
0.0013 
 
1879 
37 
1881 
23 
1883 
21 
100 
2.1 
461 
1036 
2.25 
243 
0.000356 
0.569 
0.3366 
0.0088 
5.558 
0.173 
0.1198 
0.0017 
 
1871 
43 
1910 
27 
1953 
25 
96 
3.1 
1338 
56 
0.04 
444 
0.000135 
0.207 
0.3435 
0.0075 
5.533 
0.128 
0.1168 
0.0006 
 
1904 
36 
1906 
20 
1908 
9 
100 
4.1 
564 
249 
0.44 
220 
0.000229 
0.351 
0.3671 
0.0091 
6.053 
0.165 
0.1196 
0.0010 
 
2016 
43 
1984 
24 
1950 
15 
103 
5.1 
55 
58 
1.05 
24 
0.001023 
1.568 
0.3638 
0.0123 
6.075 
0.307 
0.1211 
0.0041 
 
2000 
58 
1987 
45 
1973 
61 
101 
6.1 
191 
122 
0.64 
80 
0.000074 
0.113 
0.3727 
0.0112 
6.264 
0.225 
0.1219 
0.0020 
 
2042 
53 
2013 
32 
1984 
29 
103 
7.1 
61 
76 
1.25 
27 
0.000431 
0.69 
0.3421 
0.0134 
5.605 
0.395 
0.1188 
0.0064 
 
1897 
65 
1917 
63 
1939 
100 
98 
8.1 
95 
109 
1.15 
44 
0.000010 
0.015 
0.3646 
0.0104 
6.418 
0.206 
0.1277 
0.0015 
 
2004 
49 
2035 
29 
2066 
20 
97 
9.1 
124 
107 
0.86 
54 
0.000010 
0.015 
0.3669 
0.0133 
6.202 
0.243 
0.1226 
0.0014 
 
2015 
63 
2005 
35 
1995 
20 
101 
10 
310 
187 
0.6 
127 
0.000156 
0.239 
0.3688 
0.0098 
6.019 
0.180 
0.1184 
0.0012 
 
2024 
47 
1979 
26 
1932 
19 
105 
 
 
 
 
 
 
 
 
 
 
 
 
 
 
 
 
 
 
 
 
 
  
  
  
  
  
  
  
  
  
  
  
  
  
  
  
  
  
  
  
  
  
 
 
 
 
 
 
 
 
 
 
 
 
 
 
 
 
 
 
 
 
 
 
 
 
 
 
 
 
 
 
 
 
 
 
 
 
 
 
 
 
 
 
Notes : 
1.  Uncertainties given at the one s level. 
 
 
 
 
 
 
 
 
 
 
 
 
 
 
 
2.  f206 % denotes the percentage of 
206Pb that is common Pb. 
 
 
 
 
 
 
 
 
 
 
 
 
3.  Correction for common Pb made using the measured 
204Pb/
206Pb ratio. 
 
 
 
 
 
 
 
 
 
 
 
4.  For % Conc., 100% denotes a concordant analysis. 
 
 
 
 
 
 
 
 
 
 
 
 
 
 
 
 
 
 
 
 
 
 
 
 
