 
11
 
Table 4. SHRIMP U-Th-Pb zircon results for sample KNS7 
 
 
 
 
 
 
 
 
 
 
 
 
 
 
 
 
 
 
 
 
 
 
 
 
 
 
 
 
 
  
  
            Radiogenic 
Ratios 
  
  
  
 
  
  
Ages (in 
Ma) 
  
  
  
 
Grain. 
U 
Th 
Th/U 
Pb* 
204Pb/ 
f206 
206Pb/ 
 
207Pb/ 
 
207Pb/ 
 
 
206Pb/ 
 
207Pb/ 
 
207Pb/ 
 
Conc. 
spot 
(ppm) 
(ppm) 
 
(ppm) 
206Pb 
% 
238U 
± 
235U 
± 
206Pb 
± 
 
238U 
± 
235U 
± 
206Pb 
± 
% 
  
  
  
  
  
  
  
  
  
  
  
  
  
  
  
  
  
  
  
  
  
 
 
 
 
 
 
 
 
 
 
 
 
 
 
 
 
 
 
 
 
 
1.1 
612 
456 
0.74 
253 
0.000008 
0.01 
0.3594 
0.0066 
5.964 
0.114 
0.1204 
0.0004 
 
1979 
31 
1971 
17 
1962 
6 
101 
2.1 
472 
498 
1.05 
210 
0.000038 
0.06 
0.3630 
0.0065 
5.970 
0.110 
0.1193 
0.0004 
 
1997 
31 
1971 
16 
1945 
6 
103 
3.1 
125 
186 
1.49 
60 
0.000010 
0.02 
0.3636 
0.0081 
6.152 
0.152 
0.1227 
0.0010 
 
1999 
39 
1998 
22 
1996 
15 
100 
4.1 
615 
365 
0.59 
251 
0.000017 
0.03 
0.3684 
0.0065 
6.130 
0.115 
0.1207 
0.0005 
 
2022 
31 
1995 
16 
1966 
7 
103 
5.1 
881 
1458 
1.65 
83 
0.005180 
8.29 
0.0805 
0.0021 
1.153 
0.060 
0.1039 
0.0043 
 
499 
12 
779 
29 
1694 
79 
30 
6.1 
663 
230 
0.35 
232 
0.000013 
0.02 
0.3361 
0.0090 
5.450 
0.155 
0.1176 
0.0008 
 
1868 
43 
1893 
25 
1920 
13 
97 
7.1 
307 
102 
0.33 
100 
0.000384 
0.61 
0.3169 
0.0084 
5.115 
0.161 
0.1171 
0.0016 
 
1775 
41 
1839 
27 
1912 
25 
93 
8.1 
227 
132 
0.58 
87 
0.000315 
0.50 
0.3506 
0.0117 
5.664 
0.226 
0.1171 
0.0021 
 
1938 
56 
1926 
35 
1913 
33 
101 
9.1 
248 
176 
0.71 
99 
0.000117 
0.19 
0.3588 
0.0117 
5.847 
0.209 
0.1182 
0.0013 
 
1976 
56 
1953 
31 
1929 
20 
103 
10.1 
320 
137 
0.43 
126 
0.000061 
0.10 
0.3708 
0.0111 
6.160 
0.203 
0.1205 
0.0012 
 
2033 
53 
1999 
29 
1963 
19 
104 
11.1 
414 
283 
0.68 
147 
0.000186 
0.30 
0.3204 
0.0085 
5.195 
0.154 
0.1176 
0.0012 
 
1792 
42 
1852 
26 
1920 
19 
93 
12.1 
295 
421 
1.42 
114 
0.000254 
0.41 
0.3002 
0.0084 
4.646 
0.153 
0.1123 
0.0016 
 
1692 
42 
1758 
28 
1836 
26 
92 
13.1 
333 
307 
0.92 
136 
0.000144 
0.23 
0.3486 
0.0092 
5.691 
0.163 
0.1184 
0.0009 
 
1928 
44 
1930 
25 
1932 
14 
100 
14.1 
212 
126 
0.59 
84 
0.000010 
0.02 
0.3555 
0.0098 
5.966 
0.176 
0.1217 
0.0009 
 
1961 
47 
1971 
26 
1982 
13 
99 
15.1 
311 
158 
0.51 
118 
0.000118 
0.19 
0.3488 
0.0093 
5.761 
0.164 
0.1198 
0.0009 
 
1929 
44 
1941 
25 
1953 
14 
99 
  
  
  
  
  
  
  
  
  
  
  
  
  
  
  
  
  
  
  
  
  
 
 
 
 
 
 
 
 
 
 
 
 
 
 
 
 
 
 
 
 
 
 
 
 
 
 
 
 
 
 
 
 
 
 
 
 
 
 
 
 
 
 
Notes : 
1.  Uncertainties given at the one s level. 
 
 
 
 
 
 
 
 
 
 
 
 
 
 
 
2.  f206 % denotes the percentage of 
206Pb that is common Pb. 
 
 
 
 
 
 
 
 
 
 
 
 
3.  Correction for common Pb made using the measured 
204Pb/
206Pb ratio. 
 
 
 
 
 
 
 
 
 
 
 
4.  For % Conc., 100% denotes a concordant analysis. 
 
 
 
 
 
 
 
 
 
 
 
 
 
 
 
 
 
 
 
 
