 
20
 
 
 
 
 
 
 
 
 
 
 
 
 
 
 
 
 
 
 
 
 
 
 
 
 
 
 
 
 
 
 
 
  
  
            Radiogenic 
Ratios 
  
  
  
 
  
  
Ages (in 
Ma) 
  
  
  
 
 
 
 
 
Grain. 
U 
Th 
Th/U 
Pb* 
204Pb/ 
f206 
206Pb/ 
 
207Pb/ 
 
207Pb/ 
 
 
206Pb/ 
 
207Pb/ 
 
207Pb/ 
 
Conc. 
 
 
 
 
spot 
(ppm) 
(ppm) 
 
(ppm) 
206Pb 
% 
238U 
± 
235U 
± 
206Pb 
± 
 
238U 
± 
235U 
± 
206Pb 
± 
% 
 
 
 
 
  
  
  
  
  
  
  
  
  
  
  
  
  
  
  
  
  
  
  
  
  
 
 
 
 
 
 
 
 
 
 
 
 
 
 
 
 
 
 
 
 
 
 
 
 
 
 
 
 
 
 
 
 
 
 
 
 
 
 
 
 
 
 
 
 
 
 
 
 
 
 
 
 
 
 
32.1 
349 
328 
0.94 
143 
0.000122 
0.20 
0.3549 
0.0069 
5.533 
0.137 
0.1131 
0.0015 
 
1958 
33 
1906 
21 
1849 
24 
106 
 
 
 
 
33.1 
233 
279 
1.20 
104 
0.000001 
0.00 
0.3542 
0.0093 
5.728 
0.167 
0.1173 
0.0012 
 
1954 
44 
1936 
26 
1916 
18 
102 
 
 
 
 
34.1 
126 
134 
1.06 
55 
0.000108 
0.17 
0.3571 
0.0111 
5.620 
0.206 
0.1142 
0.0018 
 
1968 
53 
1919 
32 
1867 
29 
105 
 
 
 
 
35.1 
68 
65 
0.96 
30 
0.000376 
0.58 
0.3715 
0.0121 
5.645 
0.250 
0.1102 
0.0029 
 
2036 
57 
1923 
39 
1803 
49 
113 
 
 
 
 
36.1 
211 
221 
1.05 
90 
0.000113 
0.17 
0.3519 
0.0091 
5.521 
0.169 
0.1138 
0.0015 
 
1944 
44 
1904 
27 
1861 
25 
105 
 
 
 
 
37.1 
235 
247 
1.05 
95 
0.000073 
0.11 
0.3292 
0.0083 
5.147 
0.160 
0.1134 
0.0018 
 
1835 
40 
1844 
27 
1854 
28 
99 
 
 
 
 
38.1 
415 
117 
0.28 
161 
0.000038 
0.06 
0.3749 
0.0089 
6.276 
0.159 
0.1214 
0.0008 
 
2052 
42 
2015 
22 
1977 
11 
104 
 
 
 
 
39.1 
329 
142 
0.43 
37 
0.000498 
0.87 
0.1091 
0.0030 
0.846 
0.052 
0.0563 
0.0029 
 
667 
17 
623 
29 
463 
118 
144 
 
 
 
 
40.1 
128 
136 
1.07 
57 
0.000136 
0.21 
0.3631 
0.0133 
5.738 
0.235 
0.1146 
0.0017 
 
1997 
63 
1937 
36 
1874 
26 
107 
 
 
 
 
41.1 
121 
153 
1.27 
53 
0.000034 
0.05 
0.3448 
0.0105 
5.460 
0.197 
0.1149 
0.0018 
 
1910 
51 
1894 
31 
1878 
29 
102 
 
 
 
 
42.1 
170 
211 
1.24 
76 
0.000062 
0.10 
0.3563 
0.0099 
5.589 
0.187 
0.1138 
0.0018 
 
1965 
47 
1914 
29 
1861 
28 
106 
 
 
 
 
43.1 
275 
325 
1.18 
112 
0.000108 
0.17 
0.3149 
0.0074 
5.015 
0.139 
0.1155 
0.0014 
 
1765 
36 
1822 
24 
1888 
22 
94 
 
 
 
 
44.1 
97 
105 
1.08 
42 
0.000185 
0.29 
0.3525 
0.0102 
5.521 
0.192 
0.1136 
0.0018 
 
1947 
49 
1904 
30 
1858 
29 
105 
 
 
 
 
45.1 
110 
195 
1.77 
53 
0.000010 
0.02 
0.3460 
0.0121 
5.523 
0.209 
0.1158 
0.0013 
 
1916 
58 
1904 
33 
1892 
20 
101 
 
 
 
 
46.1 
277 
312 
1.13 
116 
0.000058 
0.09 
0.3394 
0.0096 
5.317 
0.160 
0.1136 
0.0009 
 
1884 
46 
1872 
26 
1858 
14 
101 
 
 
 
 
47.1 
272 
249 
0.91 
110 
0.000081 
0.13 
0.3398 
0.0080 
5.342 
0.141 
0.1140 
0.0011 
 
1886 
39 
1876 
23 
1864 
17 
101 
 
 
 
 
48.1 
143 
156 
1.09 
57 
0.000033 
0.05 
0.3244 
0.0089 
5.166 
0.157 
0.1155 
0.0012 
 
1811 
43 
1847 
26 
1888 
19 
96 
 
 
 
 
49.1 
64 
26 
0.41 
13 
0.000010 
0.02 
0.1968 
0.0092 
2.148 
0.127 
0.0792 
0.0024 
 
1158 
50 
1164 
42 
1176 
62 
99 
 
 
 
 
50.1 
93 
120 
1.29 
41 
0.000010 
0.02 
0.3466 
0.0131 
5.558 
0.229 
0.1163 
0.0015 
 
1918 
63 
1910 
36 
1900 
23 
101 
 
 
 
 
  
  
  
  
  
  
  
  
  
  
  
  
  
  
  
  
  
  
  
  
  
 
 
 
 
 
 
 
 
 
 
 
 
 
 
 
 
 
 
 
 
 
 
 
 
 
 
 
 
 
 
 
 
 
 
 
 
 
 
 
 
 
 
 
 
 
 
 
 
 
 
 
 
 
 
Notes 
: 
 
1.  Uncertainties given at the one s level. 
 
 
 
 
 
 
 
 
 
 
 
 
 
 
 
2.  f206 % denotes the percentage of 
206Pb that is common Pb. 
 
 
 
 
 
 
 
 
 
 
 
 
 
3.  Correction for common Pb made using the measured 
204Pb/
206Pb ratio. 
 
 
 
 
 
 
 
 
 
 
 
4.  For % Conc., 100% denotes a concordant analysis. 
 
 
 
 
 
 
 
 
 
 
 
 
 
