 
19
 
Table 9. SHRIMP U-Th-Pb zircon results for sample KPM3 
 
 
 
 
 
 
 
 
 
 
 
 
 
 
 
 
 
 
 
 
 
 
 
 
 
 
 
 
 
  
  
            Radiogenic 
Ratios 
  
  
  
 
  
  
Ages (in 
Ma) 
  
  
  
 
Grain. 
U 
Th 
Th/U 
Pb* 
204Pb/ 
f206 
206Pb/ 
 
207Pb/ 
 
207Pb/ 
 
 
206Pb/ 
 
207Pb/ 
 
207Pb/ 
 
Conc. 
spot 
(ppm) 
(ppm) 
 
(ppm) 
206Pb 
% 
238U 
± 
235U 
± 
206Pb 
± 
 
238U 
± 
235U 
± 
206Pb 
± 
% 
  
  
  
  
  
  
  
  
  
  
  
  
  
  
  
  
  
  
  
  
  
 
 
 
 
 
 
 
 
 
 
 
 
 
 
 
 
 
 
 
 
 
1.1 
263 
420 
1.6 
125 
0.000129 
0.20 
0.3530 
0.0088 
5.598 
0.159 
0.1150 
0.0013 
 
1949 
42 
1916 
25 
1880 
20 
104 
2.1 
235 
323 
1.37 
102 
0.000082 
0.13 
0.3324 
0.0082 
5.326 
0.158 
0.1162 
0.0016 
 
1850 
40 
1873 
26 
1899 
25 
97 
3.1 
130 
143 
1.1 
56 
0.000267 
0.41 
0.3569 
0.0127 
5.449 
0.223 
0.1107 
0.0018 
 
1967 
61 
1893 
36 
1812 
30 
109 
4.1 
192 
304 
1.58 
92 
0.000189 
0.29 
0.3555 
0.0097 
5.523 
0.211 
0.1127 
0.0027 
 
1961 
46 
1904 
33 
1843 
43 
106 
5.1 
179 
200 
1.12 
79 
0.000164 
0.25 
0.3691 
0.0106 
5.760 
0.194 
0.1132 
0.0016 
 
2025 
50 
1941 
30 
1851 
26 
109 
6.1 
195 
369 
1.9 
97 
0.000302 
0.46 
0.3533 
0.0110 
5.585 
0.201 
0.1147 
0.0017 
 
1950 
52 
1914 
32 
1874 
27 
104 
7.1 
141 
267 
1.89 
72 
0.000112 
0.17 
0.3589 
0.0108 
5.709 
0.196 
0.1154 
0.0016 
 
1977 
51 
1933 
30 
1886 
25 
105 
8.1 
575 
596 
1.04 
99 
0.001540 
2.36 
0.1244 
0.0029 
1.777 
0.060 
0.1036 
0.0023 
 
756 
16 
1037 
22 
1689 
41 
45 
9.1 
338 
139 
0.41 
136 
0.000187 
0.29 
0.3815 
0.0098 
6.000 
0.182 
0.1141 
0.0015 
 
2083 
46 
1976 
27 
1865 
24 
112 
10.1 
236 
277 
1.17 
104 
0.000508 
0.78 
0.3564 
0.0098 
5.479 
0.184 
0.1115 
0.0018 
 
1965 
47 
1897 
29 
1824 
30 
108 
11.1 
265 
225 
0.85 
109 
0.000164 
0.25 
0.3540 
0.0257 
5.513 
0.415 
0.1129 
0.0015 
 
1954 
124 
1903 
67 
1847 
24 
106 
12.1 
299 
348 
1.16 
118 
0.000746 
1.19 
0.3220 
0.0075 
4.853 
0.211 
0.1093 
0.0037 
 
1799 
37 
1794 
37 
1788 
63 
101 
13.1 
73 
86 
1.18 
31 
0.001588 
2.54 
0.3353 
0.0153 
5.300 
0.523 
0.1146 
0.0094 
 
1864 
74 
1869 
88 
1874 
156 
100 
14.1 
295 
265 
0.9 
104 
0.000275 
0.44 
0.3088 
0.0054 
4.961 
0.141 
0.1165 
0.0024 
 
1735 
27 
1813 
24 
1904 
37 
91 
15.1 
106 
111 
1.04 
44 
0.000781 
1.25 
0.3407 
0.0107 
5.239 
0.314 
0.1115 
0.0053 
 
1890 
51 
1859 
52 
1825 
89 
104 
16.1 
137 
121 
0.88 
53 
0.000622 
0.99 
0.3281 
0.0096 
5.214 
0.297 
0.1153 
0.0052 
 
1829 
47 
1855 
50 
1884 
84 
97 
18.1 
205 
265 
1.29 
86 
0.001038 
1.66 
0.3435 
0.0109 
5.283 
0.279 
0.1116 
0.0043 
 
1904 
52 
1866 
46 
1825 
72 
104 
19.1 
105 
96 
0.92 
41 
0.000451 
0.72 
0.3345 
0.0071 
5.100 
0.162 
0.1106 
0.0023 
 
1860 
35 
1836 
27 
1809 
39 
103 
20.1 
90 
91 
1.01 
36 
0.000318 
0.51 
0.3341 
0.0110 
5.019 
0.205 
0.1089 
0.0022 
 
1858 
54 
1823 
35 
1782 
38 
104 
21.1 
79 
293 
3.69 
29 
0.000477 
0.76 
0.2131 
0.0063 
2.377 
0.156 
0.0809 
0.0045 
 
1245 
33 
1236 
48 
1219 
113 
102 
22.1 
276 
329 
1.19 
117 
0.000236 
0.38 
0.3395 
0.0066 
5.363 
0.126 
0.1146 
0.0013 
 
1884 
32 
1879 
20 
1873 
20 
101 
23.1 
156 
179 
1.15 
65 
0.000505 
0.81 
0.3498 
0.0077 
5.549 
0.174 
0.1150 
0.0023 
 
1934 
37 
1908 
27 
1881 
36 
103 
24.1 
255 
398 
1.56 
111 
0.000128 
0.21 
0.3317 
0.0070 
5.253 
0.127 
0.1149 
0.0011 
 
1847 
34 
1861 
21 
1878 
18 
98 
25.1 
166 
327 
1.97 
81 
0.000469 
0.75 
0.3459 
0.0082 
5.190 
0.172 
0.1088 
0.0022 
 
1915 
39 
1851 
29 
1780 
37 
108 
26.1 
182 
238 
1.31 
75 
0.000105 
0.17 
0.3338 
0.0072 
5.303 
0.144 
0.1152 
0.0017 
 
1857 
35 
1869 
24 
1883 
26 
99 
27.1 
142 
175 
1.23 
57 
0.000229 
0.37 
0.3279 
0.0093 
5.059 
0.186 
0.1119 
0.0023 
 
1828 
45 
1829 
32 
1830 
37 
100 
28.1 
177 
185 
1.05 
68 
0.000351 
0.56 
0.3261 
0.0078 
5.069 
0.175 
0.1127 
0.0025 
 
1819 
38 
1831 
30 
1844 
41 
99 
29.1 
148 
206 
1.39 
68 
0.000174 
0.28 
0.3572 
0.0068 
5.691 
0.138 
0.1155 
0.0015 
 
1969 
32 
1930 
21 
1888 
23 
104 
30.1 
225 
192 
0.85 
91 
0.000203 
0.32 
0.3541 
0.0067 
5.414 
0.142 
0.1109 
0.0018 
 
1954 
32 
1887 
23 
1814 
29 
108 
31.1 
149 
162 
1.09 
63 
0.000202 
0.32 
0.3507 
0.0064 
5.409 
0.143 
0.1119 
0.0019 
 
1938 
31 
1886 
23 
1830 
31 
106 
Table 9. Summary of SHRIMP U-Pb zircon results for sample KPM3 
 
 
 
 
 
 
 
 
 
 
 
 
