 
8
Table 2. SHRIMP U-Th-Pb zircon results for sample SPOTMU 
 
 
 
 
 
 
 
 
  
  
            Radiogenic 
Ratios 
  
  
  
 
  
  
Ages (in 
Ma) 
  
  
  
 
Grain. 
U 
Th 
Th/U 
Pb* 
204Pb/ 
f206 
206Pb/ 
 
207Pb/ 
 
207Pb/ 
 
 
206Pb/ 
 
207Pb/ 
 
207Pb/ 
 
Conc. 
spot 
(ppm) 
(ppm) 
 
(ppm) 
206Pb 
% 
238U 
± 
235U 
± 
206Pb 
± 
 
238U 
± 
235U 
± 
206Pb 
± 
% 
  
  
  
  
  
  
  
  
  
  
  
  
  
  
  
  
  
  
  
  
  
 
 
 
 
 
 
 
 
 
 
 
 
 
 
 
 
 
 
 
 
 
1.2 
84 
67 
0.79 
34 
0.00047 
0.726 
0.3480 
0.0136 
5.817 
0.266 
0.1213 
0.0024 
 
1887 
95 
1925 
65 
1949 
40 
98 
2 
85 
79 
0.93 
36 
0.00037 
0.562 
0.3521 
0.0139 
5.678 
0.313 
0.1170 
0.0040 
 
1977 
114 
1945 
66 
1928 
49 
102 
3 
492 
82 
0.17 
167 
0.00021 
0.320 
0.3390 
0.0216 
5.524 
0.406 
0.1182 
0.0035 
 
1908 
283 
1882 
105 
1904 
65 
98 
3.2 
213 
145 
0.68 
83 
0.00028 
0.429 
0.3444 
0.0082 
5.648 
0.156 
0.1189 
0.0013 
 
1870 
57 
1908 
40 
1923 
24 
98 
4 
116 
138 
1.19 
48 
0.00045 
0.692 
0.3352 
0.0098 
5.107 
0.203 
0.1105 
0.0026 
 
1724 
64 
1864 
47 
1837 
34 
103 
5 
94 
66 
0.70 
37 
0.00042 
0.642 
0.3515 
0.0114 
5.812 
0.234 
0.1199 
0.0024 
 
1852 
84 
1942 
55 
1948 
35 
99 
6 
57 
44 
0.77 
25 
0.00054 
0.828 
0.3870 
0.0132 
6.256 
0.313 
0.1173 
0.0038 
 
1993 
122 
2109 
62 
2012 
45 
110 
7 
87 
96 
1.11 
36 
0.00037 
0.570 
0.3386 
0.0109 
5.697 
0.253 
0.1220 
0.0033 
 
1748 
79 
1880 
53 
1931 
39 
95 
8 
65 
81 
1.24 
20 
0.00170 
2.597 
0.2315 
0.0079 
3.694 
0.253 
0.1157 
0.0064 
 
1535 
78 
1343 
42 
1570 
56 
71 
9 
62 
129 
2.07 
30 
0.00049 
0.748 
0.3303 
0.0117 
5.383 
0.282 
0.1182 
0.0041 
 
1837 
83 
1840 
57 
1882 
46 
95 
10 
584 
411 
0.70 
200 
0.00041 
0.635 
0.3200 
0.0074 
5.414 
0.140 
0.1227 
0.0011 
 
1114 
34 
1790 
36 
1887 
22 
90 
11 
303 
157 
0.52 
53 
0.00174 
2.666 
0.1313 
0.0107 
2.269 
0.210 
0.1253 
0.0044 
 
1999 
181 
795 
61 
1203 
67 
39 
12 
364 
410 
1.13 
124 
0.00062 
0.947 
0.2790 
0.0073 
4.368 
0.165 
0.1135 
0.0028 
 
1455 
52 
1587 
37 
1706 
32 
85 
13 
277 
311 
1.12 
118 
0.00022 
0.341 
0.3456 
0.0086 
5.411 
0.150 
0.1135 
0.0011 
 
1885 
51 
1914 
41 
1887 
24 
103 
14 
141 
121 
0.85 
58 
0.00075 
1.149 
0.3558 
0.0101 
5.417 
0.220 
0.1104 
0.0029 
 
1851 
75 
1962 
48 
1888 
35 
109 
15 
399 
36 
0.09 
127 
0.00035 
0.536 
0.3251 
0.0078 
5.323 
0.153 
0.1188 
0.0015 
 
1293 
208 
1814 
38 
1873 
25 
94 
16 
46 
45 
0.98 
20 
0.00167 
2.556 
0.3561 
0.0139 
5.778 
0.483 
0.1177 
0.0081 
 
2085 
157 
1964 
67 
1943 
75 
102 
17 
180 
142 
0.79 
69 
0.00040 
0.609 
0.3301 
0.0076 
5.136 
0.214 
0.1128 
0.0036 
 
1863 
68 
1839 
37 
1842 
36 
100 
18 
115 
128 
1.11 
51 
0.00073 
1.116 
0.3566 
0.0098 
5.767 
0.268 
0.1173 
0.0040 
 
1958 
76 
1966 
47 
1942 
41 
103 
19 
231 
134 
0.58 
97 
0.00023 
0.353 
0.3797 
0.0101 
5.990 
0.184 
0.1144 
0.0014 
 
2037 
69 
2075 
48 
1974 
27 
111 
20 
187 
178 
0.95 
78 
0.00001 
0.015 
0.3507 
0.0090 
5.509 
0.161 
0.1140 
0.0013 
 
1896 
57 
1938 
43 
1902 
25 
104 
21 
336 
305 
0.91 
128 
0.00038 
0.590 
0.3241 
0.0081 
5.021 
0.147 
0.1124 
0.0014 
 
1707 
49 
1810 
39 
1823 
25 
98 
22 
225 
199 
0.88 
93 
0.00024 
0.370 
0.3529 
0.0085 
5.545 
0.155 
0.1140 
0.0013 
 
1928 
54 
1949 
40 
1908 
24 
105 
23 
80 
64 
0.79 
35 
0.00044 
0.675 
0.3711 
0.0110 
6.231 
0.238 
0.1218 
0.0025 
 
2006 
84 
2035 
52 
2009 
34 
103 
24 
514 
373 
0.72 
193 
0.00007 
0.114 
0.3323 
0.0072 
5.197 
0.164 
0.1134 
0.0023 
 
1742 
121 
1850 
35 
1852 
27 
100 
25 
236 
28 
0.12 
84 
0.00014 
0.209 
0.3607 
0.0088 
5.952 
0.163 
0.1197 
0.0012 
 
1948 
132 
1986 
42 
1969 
24 
102 
26 
266 
258 
0.97 
86 
0.00106 
1.618 
0.2918 
0.0069 
4.733 
0.148 
0.1176 
0.0021 
 
981 
37 
1651 
34 
1773 
27 
86 
27 
97 
79 
0.81 
41 
0.00022 
0.341 
0.3583 
0.0127 
6.127 
0.265 
0.1240 
0.0026 
 
1987 
85 
1974 
61 
1994 
38 
98 
28 
109 
47 
0.43 
42 
0.00043 
0.665 
0.3622 
0.0105 
5.913 
0.239 
0.1184 
0.0030 
 
1858 
120 
1992 
50 
1963 
36 
103 
 
 
 
 
 
 
 
 
 
 
 
 
 
 
 
 
 
 
 
 
 
